image: map.pgm
resolution: 0.050000
origin: [-9.324701, -4.327974, 0.000000]
negate: 0
occupied_thresh: 0.65
free_thresh: 0.196

