image: maps/map.pgm
resolution: 0.050000
origin: [-8.465139, -8.490895, 0.000000]
negate: 0
occupied_thresh: 0.65
free_thresh: 0.196

